t = 10000
decreaseF = 0.999
numrange = 50000
max: 99.03555760994446
min: 70.03879930744756
average: 81.25439257142284

--------
t = 1000
decreaseFactor = 0.995
numrange = 50000
max: 113.53249028907972
min: 71.47171559704118
average 86.17973394446457

--------
